t = 5000000
b = 50 50 50
E = -1.0008550218579 -1.0008550218579 0
-116.860428011381 -340.794421528065 -49.4361511005462 -0.413412906827163 -0.608726073515647 0.677157554456253 -0.600288920691549 -0.376978278336324 -0.705365587111084 0 0 0 0 0 0
-117.077534379516 -341.258019206663 -49.7559699030038 -0.554678627743549 -0.00104136577064151 0.832064078490258 -0.776167738935312 -0.359691324119135 -0.517866663213724 0 0 0 0 0 0
-117.415942183275 -341.651453762428 -49.8370981325855 -0.575030294028644 0.672431562420331 0.466021483376412 -0.772581690031268 -0.258895888321319 -0.579733134170508 0 0 0 0 0 0
-117.958185874252 -341.827635252912 -49.8944813488069 -0.187521715067136 0.964296581736396 0.186997140580506 -0.798794145393348 -0.0389180744692026 -0.600344409537636 0 0 0 0 0 0
-118.465214856049 -341.727692722359 -49.8791125297626 0.29729991437631 0.765591715474915 -0.570510379618889 -0.800596397061213 -0.12569258328113 -0.585872672095255 0 0 0 0 0 0
-118.985381624877 -341.558637500741 -49.9569342398546 0.592986183307748 0.157980519499308 -0.789562914734269 -0.778980651234308 -0.13569600998346 -0.612189370924995 0 0 0 0 0 0
-119.364732319822 -341.341294798647 -50.3684761695284 0.719690480589444 -0.304799279416221 -0.623813337984657 -0.681577770600972 -0.138980730428036 -0.718426173964672 0 0 0 0 0 0
-119.281303359083 -340.636780017623 -50.9024320170151 -0.110637701806107 0.704441355159801 -0.701086160202649 -0.648568153563971 0.483337405757032 0.588000352601241 0 0 0 0 0 0
-118.803661120346 -340.582463171394 -51.2387142995054 -0.279479900835992 -0.490118986331627 -0.825635745281427 0.22970475580748 -0.869061268274005 0.438141832503291 0 0 0 0 0 0
-118.091002299989 -341.217314035698 -51.3926653085124 0.543473200383062 -0.839383950645779 0.00846644348799691 0.839421271891162 0.543478110124752 -0.00191287053406591 0 0 0 0 0 0
-117.604240439278 -341.098837166421 -51.0993617518085 0.282623330375473 -0.572424763127011 -0.769710297215563 0.779247086365466 0.60494248055263 -0.163763756978698 0 0 0 0 0 0
-118.224894443087 -340.77015024177 -50.2134822008438 -0.424150814679825 -0.746043699272106 0.513337016151529 0.507713535010411 0.273484843184139 0.816965734683078 0 0 0 0 0 0
-118.1644402669 -340.636691405636 -49.7414211162057 0.153303287627576 -0.986249267426232 -0.0617302819046376 0.653373442912295 0.0542992882253846 0.755085959275061 0 0 0 0 0 0
-118.076365483729 -340.894694693185 -49.2117732555095 0.57961015617601 -0.642021345165656 -0.501857232484378 0.641821656819258 -0.0198068964518152 0.766598112188106 0 0 0 0 0 0
-117.838332361586 -341.231120045084 -48.8395378705656 0.732197458265756 -0.0530295040471733 -0.679024913524923 0.653113364958097 -0.228148091788556 0.722074416368192 0 0 0 0 0 0
-117.418468039301 -341.493489707704 -48.6404827784223 0.45349835009498 0.599796483335287 -0.659229456498778 0.79157779168562 0.0688410285064673 0.607178341931934 0 0 0 0 0 0
