t = 5000000
b = 50 50 50
E = -0.69877687054316 -0.69877687054316 0
99.0967553177581 143.979703415251 100.090938629914 0.69855993319359 -0.457111766591236 0.550511613573292 0.680884036662291 0.188067857197436 -0.707833008392335 0 0 0 0 0 0
98.8195419688808 144.68437144449 100.184256842371 -0.150690795691728 -0.475141736540426 0.866909879712117 -0.17385101731119 0.875993880986355 0.449900807546311 0 0 0 0 0 0
98.4053852449002 144.836704526169 100.371854467278 0.666277087217262 0.111879990918439 0.7372637082461 -0.43842731276276 0.858522789982078 0.265932738910016 0 0 0 0 0 0
98.1433050983078 145.135911600689 100.726535206142 0.946478552390584 0.322532354373928 -0.0123031072156121 -0.279701163588661 0.838619576479897 0.467423442796445 0 0 0 0 0 0
98.1731729361907 145.397810957368 101.164279931661 0.447224188459871 0.534901597892895 -0.716847940753024 -0.283521823330817 0.844914411785126 0.453580443716617 0 0 0 0 0 0
98.3392584337354 145.818041865583 101.409814935914 -0.554963388833308 0.326908420682647 -0.76494877419524 -0.324483928126042 0.761640471482555 0.560904730120048 0 0 0 0 0 0
98.7142079443037 146.513743885836 100.956194253163 -0.0467937450305055 0.667750615930097 -0.742912890798168 0.725788017116016 0.533726840559605 0.434013271611475 0 0 0 0 0 0
98.7177000120286 146.028158613072 100.191559686408 -0.249507443860786 0.501449991621781 -0.828428674239948 -0.654001031039484 0.54365193429663 0.526046919304646 0 0 0 0 0 0
99.7920519757912 145.831180393711 101.057319381585 0.81767821862694 0.221532506138435 0.531343354477831 0.0264089877351605 -0.936454210255824 0.349794482030485 0 0 0 0 0 0
100.081698928422 145.417855873393 101.076983539926 0.0214150895584473 0.314418746764009 0.949042829753824 -0.00207444299275626 -0.949244518090799 0.314532367512073 0 0 0 0 0 0
99.8086080573781 145.011051160084 101.42342924253 0.600103869890234 0.453201584385015 0.659153871641046 -0.150706231110403 -0.745211064635023 0.649575485111792 0 0 0 0 0 0
100.147291621117 144.640620402203 101.6079369124 -0.302908216385967 0.595395397512412 0.74414455458899 0.0219850562688668 -0.776254738504715 0.630036071885465 0 0 0 0 0 0
100.219665423237 143.7465438119 100.493493350114 -0.610664603423013 -0.394405121396274 -0.686682909628059 -0.379596922924025 0.906818062013825 -0.183268372581899 0 0 0 0 0 0
100.104887922388 144.114916575395 100.100731415249 -0.913047652885204 -0.405299883926762 -0.045564371471997 -0.382203187453789 0.88926325114325 -0.251260422638817 0 0 0 0 0 0
99.8616411256543 144.406023807287 99.8156620825842 -0.621004507996552 -0.141067718238143 0.771008038883224 -0.50146615726804 0.827512551668266 -0.252497257144045 0 0 0 0 0 0
99.3754924616384 144.548452436863 99.6224858608036 -0.0646362848304069 0.300306297110998 0.951650319200178 -0.54960971239481 0.785258517773462 -0.285128659492483 0 0 0 0 0 0
