t = 5000000
b = 50 50 50
E = -0.954915332853547 -0.954915332853547 0
165.939062888645 41.2937832151327 205.379837941932 -0.663608422520183 -0.538606896929708 0.519159413615876 -0.347670174305181 -0.392434916496144 -0.851539944785512 0 0 0 0 0 0
165.817960522876 40.9163820354125 205.131077249143 -0.873845095742374 0.400212102371185 0.27608883939946 -0.409734256011849 -0.300462076614042 -0.86130163388452 0 0 0 0 0 0
165.487413250452 40.6559483573153 204.927354566992 -0.358303609489913 0.925553140805212 -0.122351735189595 -0.396006004755502 -0.269349752304403 -0.877855329697101 0 0 0 0 0 0
165.073616033308 40.6504637601375 204.661846145683 0.413453305298439 0.840902552748451 -0.349198128046844 -0.452770280209462 -0.14286155270223 -0.880107754012223 0 0 0 0 0 0
164.716738995959 40.8676489348075 204.333123154831 0.891665181993751 0.233773233547625 -0.387663957186573 -0.388630709479851 -0.0438775847683071 -0.92034827685931 0 0 0 0 0 0
164.596001842095 41.1518860057796 203.934153472363 0.804436047525881 -0.528178834127473 -0.271863696111375 -0.362857308032513 -0.0745441153789768 -0.928858324992234 0 0 0 0 0 0
164.596442701492 41.1176096301794 203.423164520335 0.119876138350795 -0.96118094204147 0.248517362449032 -0.629413153434743 -0.26716576034237 -0.729699611376255 0 0 0 0 0 0
164.391705090662 40.8298220342374 203.045450677048 0.00958516014575612 -0.722094712665601 0.691727951730559 -0.607200365761606 -0.553825211062903 -0.569724091013001 0 0 0 0 0 0
164.166510138509 40.4489611956877 202.779150076936 -0.382330277898715 -0.136374752389464 0.913906765035325 -0.724055393696683 -0.570261651889307 -0.388001948873671 0 0 0 0 0 0
164.757689574309 40.577162623039 202.075049633671 0.48911098999814 -0.525415494188061 0.696210486526371 -0.310986512250615 -0.850794714434599 -0.423598618711788 0 0 0 0 0 0
164.891001936459 40.0932079421074 201.888592403688 -0.306444036184012 -0.385789574974746 0.870206016393503 -0.0550213883518047 -0.905481448816106 -0.420804097019633 0 0 0 0 0 0
164.939889541098 39.6262964737557 201.908494295572 -0.969655980563197 0.100302238601392 0.222950053607251 -0.174844788519424 -0.921920234336743 -0.345676658563288 0 0 0 0 0 0
164.789553626908 39.2189066701099 202.019808972188 -0.6209246840235 0.306325464399483 -0.721538188831724 -0.277214237476036 -0.946811054210729 -0.163405270964544 0 0 0 0 0 0
164.826870705874 39.9706267739761 203.00088919491 -0.272079195836632 0.864679129709268 0.422259440878206 0.661856011022392 -0.150376360088085 0.734393383622618 0 0 0 0 0 0
165.278143337187 40.1999557877581 203.166889558186 -0.700842058203127 0.0247771111298264 0.712886096581841 0.71331556499297 0.0260319391161919 0.700359427216386 0 0 0 0 0 0
165.463670821793 40.5388736070595 203.523461147936 -0.307338866956672 -0.885573418818927 0.34828534428842 0.822308923847654 -0.0629598078179788 0.565547675889971 0 0 0 0 0 0
