t = 5000000
b = 50 50 50
E = -1.10980525184695 -1.10980525184695 0
-43.1035691639757 45.0038848516192 107.316499068089 0.911831815468348 -0.304483023836015 -0.275414029492581 0.0645493686139401 0.768794427478636 -0.636230008825085 0 0 0 0 0 0
-42.8833659085409 45.0195866953214 108.08537463554 0.384781702049121 0.618130026779881 0.685462206751225 -0.45633997866288 0.772926700907621 -0.440838149849566 0 0 0 0 0 0
-43.1628017820281 45.4408812485083 108.208169291725 0.850865515254446 0.523395693962851 0.0456613791350184 -0.481365223366277 0.811450942075941 -0.331413755503527 0 0 0 0 0 0
-43.3086969742045 45.9030477968184 108.339077386398 0.778611078667548 0.192365460282606 -0.597294278344024 -0.466677857949746 0.813837023107083 -0.346238795218732 0 0 0 0 0 0
-43.41108257099 46.4336599413019 108.179752492569 0.55800408565647 -0.335817628683967 -0.758853146372465 -0.317029936979263 0.758825400218509 -0.568925502130063 0 0 0 0 0 0
-43.2548783818877 46.8340783312988 107.999138400114 -0.207487602487035 -0.518971417625651 -0.829227145157047 -0.301970480547508 0.840255968910123 -0.450315295340829 0 0 0 0 0 0
-43.2200400548049 47.1503933322767 107.627426020749 -0.812753635285597 -0.561906310669491 -0.153925104302408 -0.516207948213347 0.817027265451419 -0.256896742101443 0 0 0 0 0 0
-43.1226944801627 47.5920180596534 106.820940343489 -0.0772148692469085 -0.711389054637585 -0.698543808197223 0.192042379415208 -0.698127564586892 0.689737345412529 0 0 0 0 0 0
-43.3219348624247 47.3454203739104 107.00065026166 0.93236166947413 -0.317732965698442 -0.17247500970664 0.0203981386880717 -0.430080212940338 0.902560193361458 0 0 0 0 0 0
-43.3688526381073 46.866665981226 107.165207664113 0.870541168556384 0.390028916416574 0.300059458387401 0.119087820663416 -0.758609942560794 0.64056945724713 0 0 0 0 0 0
-43.0561419766773 46.4731962953596 107.191834062583 0.428863789806768 0.577230765529327 0.694896133871871 0.099355210596756 -0.794699704636669 0.598816414039523 0 0 0 0 0 0
-42.681596882397 46.1993215253854 107.397774940662 -0.259837685749639 0.504265165252818 0.82352966863679 0.333844338348982 -0.753325725511226 0.566611342862973 0 0 0 0 0 0
-42.300245336074 46.0933429504137 107.702722516493 -0.848324490258104 -0.0322286886383958 0.528495026844765 0.345309139175872 -0.790342654061772 0.506083289804714 0 0 0 0 0 0
-42.1277148347791 46.0399246456372 108.177329866191 -0.868407154768602 -0.492712317053887 0.0557101772956054 0.415239234669085 -0.661215953497492 0.624795876177595 0 0 0 0 0 0
-42.1126987689436 45.7821983120972 108.621045169857 -0.574721867561109 -0.630873573125368 -0.521242128756557 0.403384339415441 -0.772581613370894 0.490304776650426 0 0 0 0 0 0
-42.2787570707904 45.4973859693317 108.940708796395 0.239473098665089 -0.540371058273171 -0.806629981992083 0.244881420395453 -0.770327367573131 0.588752100260734 0 0 0 0 0 0
