t = 5000000
b = 50 50 50
E = -1.05454965993373 -1.05454965993373 0
-148.421211741259 200.866716963082 270.164806380697 0.980113811558955 -0.157633114155744 0.12053535075568 -0.081128068768937 -0.872653378386657 -0.48155427220348 0 0 0 0 0 0
-148.344863662119 200.483190074017 269.838387323868 0.526121416806207 -0.320902952836291 0.78753897161851 -0.116611016626857 -0.94454611586401 -0.306976629846723 0 0 0 0 0 0
-148.117655095398 200.034609178577 269.661359499074 -0.31774594058224 -0.10331627055274 0.9425302469964 -0.337840677711496 -0.916469680634838 -0.214352519682162 0 0 0 0 0 0
-148.041300369038 199.545510093381 269.825311329121 -0.874294800516478 0.181775500000276 0.450073765509233 -0.293723087580729 -0.936324988174285 -0.19241200567251 0 0 0 0 0 0
-148.241571980381 199.120675512476 270.010620074477 -0.846070790269717 0.189037699069621 -0.49842653347989 -0.127518354310709 -0.979636507835053 -0.155085378156955 0 0 0 0 0 0
-148.49318453853 198.638942186398 270.009294595217 -0.155917563325733 0.31846545059713 -0.935023845444769 -0.0695638741218278 -0.947790616631715 -0.311213779973048 0 0 0 0 0 0
-148.834297137067 198.257430547662 269.962427005728 0.681663136690694 0.0175200885737874 -0.731456449544662 -0.260196243048284 -0.928557473553661 -0.26472469669636 0 0 0 0 0 0
-148.979616335296 197.900683661823 269.571396046765 0.979770797450031 -0.021087415261672 -0.199008978462443 -0.109683657717994 -0.88835304182252 -0.445868169450515 0 0 0 0 0 0
-149.543702194561 198.556887542414 269.178266093334 -0.032736589228573 0.817189150767949 0.575439318820688 0.354630100580091 -0.528789408477359 0.771115688307665 0 0 0 0 0 0
-149.166490113771 198.543338567563 269.473263107625 -0.802125154164956 0.191515355619311 0.565612252527345 0.479495629042195 -0.357977619146753 0.801209142193252 0 0 0 0 0 0
-148.961224936123 199.032719395982 269.781753285398 0.115634178052559 -0.195941427872838 0.973773932618152 0.446760176710678 0.88585040441277 0.125197483289929 0 0 0 0 0 0
-149.033283248985 199.440398067 270.063400297871 0.848620965183615 -0.430498667071495 0.307430306118344 0.413025866210729 0.90231726141238 0.123422990442858 0 0 0 0 0 0
-148.960510242824 199.767979477416 270.461060358135 0.858381692066119 -0.208082883466579 -0.468916313022956 0.373838301159911 0.879671320949272 0.293978755487673 0 0 0 0 0 0
-148.581379833622 199.921930277489 270.733514886254 0.384561378790031 0.198354949893512 -0.901536479761679 0.443898951550482 0.816568935993654 0.369011000650979 0 0 0 0 0 0
-148.180388477761 200.128529381636 270.865615014688 -0.390252912862552 0.572648055005281 -0.720955622139866 0.456664277891741 0.800328150514963 0.388500669622501 0 0 0 0 0 0
-147.811041311478 200.553165325752 270.765535716396 -0.774198274951787 0.458539693131329 -0.436300804392427 0.339554095350526 0.882622398102513 0.325085786769751 0 0 0 0 0 0
