t = 5425
b = 50 50 50
E = -0.892458313919599 -0.892458313919599 0
10.0281449296258 16.7709741452716 38.5779779129781 -0.686692337536041 0.651656493301797 0.322176113807017 -0.634357038520195 -0.320719456619478 -0.703370583566295 0 0 0 0 0 0
9.57955546327203 16.5591976098361 38.314449315292 -0.0663114403209035 0.98258828982096 -0.173559919305806 -0.487874263139158 -0.183661034989077 -0.853374084205721 0 0 0 0 0 0
9.20976159213035 16.5766867044862 37.9477826308449 0.693146354276126 0.674777313151626 -0.253423971259453 -0.372823393464346 0.0347273521067319 -0.927252246318215 0 0 0 0 0 0
8.3982534059018 16.3427424701905 38.1841347777464 0.0833475293121461 0.00172932259242509 -0.996519040862132 -0.831009658170984 -0.551777168398351 -0.0704620781812962 0 0 0 0 0 0
7.94713836619078 16.406096065418 37.9625658981742 0.453942054229626 -0.512275396008818 -0.729047687086633 -0.8796755216671 -0.387867924219509 -0.275189843457485 0 0 0 0 0 0
7.67188771407796 16.3523850440735 37.5578744091779 0.406421644186441 -0.905171047156232 0.1244460627241 -0.855400865745061 -0.424817225611736 -0.296343860585859 0 0 0 0 0 0
7.23442095205325 17.263360161028 37.7438837510219 0.102176318963992 -0.204316231797358 0.973557844848714 -0.915882115023314 0.362626736353423 0.172226018542125 0 0 0 0 0 0
6.79475103180152 17.2002987214191 37.8440323232859 0.376698872723691 0.648954836832983 0.661026156093457 -0.862071596737718 0.506748263924218 -0.00622568138067231 0 0 0 0 0 0
6.36617802780431 17.3576311578078 38.1697887113775 0.636979882055489 0.769487770481208 0.0463163139416696 -0.768499756987661 0.629147267440064 0.116541148884846 0 0 0 0 0 0
6.01613508265218 17.8232018381342 38.3443058881809 0.831756680418779 0.486048585850867 -0.26821185054332 -0.459213266657443 0.873879677256636 0.159554020333004 0 0 0 0 0 0
6.09078691611221 18.1348852447059 38.6359176446505 0.17924031664989 0.467625260837286 -0.865563125550579 -0.286506244546442 0.866487565361941 0.408795145408822 0 0 0 0 0 0
6.26234007144837 18.5280425962837 38.671143183941 -0.78265325522705 0.346543695969249 -0.517069965155654 -0.0561206703152893 0.788022157605035 0.613083639879309 0 0 0 0 0 0
6.26771087701443 19.0856571744809 38.6516396770988 -0.923611244842693 -0.213095029316343 0.318642082719598 -0.0841384560219052 0.92367208645835 0.373832311226192 0 0 0 0 0 0
6.05589476753502 19.518555071568 38.5605782514076 -0.386232341580597 -0.351610624600632 0.852757026933822 0.0212616176362397 0.92085726537779 0.389319714909504 0 0 0 0 0 0
5.81729463028694 19.9607393130316 38.8408734781689 0.314455217858256 -0.493658160730915 0.81081411945385 0.206807465698811 0.869252746524594 0.449032665617405 0 0 0 0 0 0
5.72515735262495 20.14359413714 39.2691695344644 0.9695253905598 -0.137155688124795 0.202999591807161 0.062456396899029 0.939595180867976 0.336541371270838 0 0 0 0 0 0
