t = 5000000
b = 50 50 50
E = -1.11412727103509 -1.11412727103509 0
162.808141649044 313.76871012208 174.745575469233 0.0663213149880311 0.587071060634493 0.806814186142465 -0.811848591243106 0.501841085629704 -0.298424965650097 0 0 0 0 0 0
162.327867524245 313.892144783902 174.857062028298 0.396984026924111 0.841856387647012 0.365625041535901 -0.832223534286017 0.498154539155421 -0.243405341344849 0 0 0 0 0 0
161.991020988122 314.09068514286 175.129955024256 0.348084313321953 0.810239132756011 -0.47153994114048 -0.937428360359124 0.296494749437134 -0.182534840427008 0 0 0 0 0 0
161.696990256426 314.37584457561 175.318453188758 0.136549364735835 0.337537604327666 -0.931355296207899 -0.97450970819539 0.214703222233881 -0.0650646147549667 0 0 0 0 0 0
161.385755377181 314.792820565864 175.197351453257 -0.0198574703346128 -0.600586518416925 -0.799313185996822 -0.97364699479119 0.193287506390306 -0.121043539250468 0 0 0 0 0 0
161.1407326405 315.072185665038 174.962781844158 -0.318535231252643 -0.936413610468264 -0.147190102886861 -0.934650862940907 0.336151458048178 -0.115888041025092 0 0 0 0 0 0
160.726735559575 315.155545028402 174.643902063842 -0.217378751862943 -0.636502904622446 0.740007274815181 -0.961019090928865 0.272262625408126 -0.0481200794711435 0 0 0 0 0 0
160.273336089433 314.934964287937 174.556846813103 -0.0666370977205925 0.00820966722643164 0.997743570261466 -0.997576851976609 0.0194957023989792 -0.0667863818298976 0 0 0 0 0 0
160.147243386422 314.341959863107 174.119295563259 0.5600163940722 -0.0549302439558828 -0.82665857560134 0.734810699714508 0.493807068887917 0.464981664559413 0 0 0 0 0 0
160.653807352686 314.371160720621 174.37693803759 0.24840732345392 0.331345933335295 -0.910221828448847 0.814037362496906 0.437895406710519 0.381563779055908 0 0 0 0 0 0
161.111436963432 314.309872100291 174.396776583099 -0.223732143251086 0.951369553008348 -0.21175476914934 0.879490527765687 0.290699737174297 0.376815852240182 0 0 0 0 0 0
161.380869410676 314.596947944225 174.187290768765 -0.0278128592241401 0.409002917890327 0.912109133392867 0.99116893196079 -0.107067907923691 0.0782344190017906 0 0 0 0 0 0
161.888769755281 314.79850791952 174.186222819739 -0.173622404070873 -0.194907920878829 0.965332178627997 0.980715484496375 -0.123536296225981 0.15144629062827 0 0 0 0 0 0
162.237011657476 315.067831966959 174.491355192165 -0.122155497080522 -0.908179916334631 0.400359113284948 0.992441238689608 -0.106985254674499 0.0601217747024803 0 0 0 0 0 0
162.71539174521 315.048558512474 174.705120229297 -0.195096633460933 -0.895037348072027 -0.401055526402185 0.972217835820127 -0.230411577722378 0.0412674162554558 0 0 0 0 0 0
163.067656293234 314.712899158512 174.956197892145 0.029706444210121 -0.269160202046291 -0.962637164941298 0.931997185353869 -0.34059759618757 0.123994411657212 0 0 0 0 0 0
