t = 5000000
b = 50 50 50
E = -1.11342616610155 -1.11342616610155 0
123.347032411802 -228.279147324258 -183.861335607966 -0.591368339998522 -0.711784552750154 -0.37900716632649 -0.771745712309285 0.363245269153759 0.521978530393917 0 0 0 0 0 0
122.966828100342 -228.009254095415 -183.830810926939 -0.31036417210419 -0.950609600385283 -0.0039528415733708 -0.801726280899452 0.259516488416796 0.538410872987487 0 0 0 0 0 0
122.501746286915 -227.979954753435 -183.796993939994 0.060024521471988 -0.948521788653734 0.310972146164419 -0.823078271033336 0.129224607875224 0.553030973264242 0 0 0 0 0 0
121.98647297245 -228.169315169496 -183.868545244161 0.394428534711071 -0.473289077794299 0.787669796890851 -0.914113617144428 -0.114469140241285 0.388964355544865 0 0 0 0 0 0
121.518022764372 -228.367855380017 -183.670068841009 0.633504772125228 0.132246635877442 0.762353322312538 -0.773522063110271 0.131567661069078 0.619962597650725 0 0 0 0 0 0
121.272026354429 -228.642239888532 -183.270740641038 0.470431660052775 0.661287695185415 0.58428821485879 -0.797975561089758 0.0361130706599357 0.601606935596052 0 0 0 0 0 0
120.930953538022 -228.586151889931 -182.940356377468 0.224750199780692 0.94787042969434 -0.225896158548819 -0.872434355270369 0.298997642105366 0.386598927735225 0 0 0 0 0 0
120.636285539937 -228.316269196416 -182.598274711982 0.0353833990480381 0.582758283361497 -0.811874874607883 -0.90399959717292 0.365010359090935 0.222603515703417 0 0 0 0 0 0
120.386494295673 -227.868528735991 -182.470636967555 -0.391018542058244 -0.329986048160501 -0.859193666952728 -0.920120637741009 0.162432594853344 0.356361742215325 0 0 0 0 0 0
121.479363176249 -228.331168605561 -182.329446203863 0.501714961369063 -0.862974522542438 0.0596417835306896 0.770017397831288 0.414127766889196 -0.485357028119862 0 0 0 0 0 0
121.897449754647 -228.187379363213 -182.508523000588 -0.266283781155393 -0.920627231189375 -0.285549492563864 0.676318951362422 0.0326289160243163 -0.735885906043264 0 0 0 0 0 0
122.272546576259 -228.452263017876 -182.641693792969 -0.560197318195494 -0.144729515093719 -0.815617794893922 0.826165377623608 -0.169231001102508 -0.537412076648748 0 0 0 0 0 0
122.431802731331 -228.814210045836 -182.997321242664 -0.441344088448739 0.522335960650641 -0.729644181325451 0.765640884985911 -0.204863279976416 -0.609774665112457 0 0 0 0 0 0
122.528540369522 -229.096515116636 -183.387451973172 -0.0716158706740171 0.917660454971771 -0.390858933146916 0.566873681584592 -0.284979664942878 -0.772943059404568 0 0 0 0 0 0
122.575478518295 -229.176312019807 -183.911334276261 0.426505755022483 0.89520588045662 0.129226016710445 0.654039301373443 -0.206558115923216 -0.727713113264427 0 0 0 0 0 0
122.840614420245 -229.108096267317 -184.335384937319 0.596707595322448 0.479436336245625 0.643491196941149 0.794045551228267 -0.236955638901623 -0.559771179980632 0 0 0 0 0 0
