t = 5000000
b = 50 50 50
E = -1.1546995951021 -1.1546995951021 0
-34.4351635151147 -129.639074692147 132.396403685269 -0.635683837693343 0.656292082427609 -0.406431813929054 -0.408218283385553 -0.732654514096274 -0.544587228337046 0 0 0 0 0 0
-34.7970899670661 -129.967540178198 132.402642407317 0.130486904233678 0.455607714322646 -0.880565107526299 -0.277439222154629 -0.835896340455972 -0.473608383145058 0 0 0 0 0 0
-35.1426689427419 -130.267640113796 132.123323779216 0.777285152528637 0.176762895326602 -0.60380681597453 -0.208093797688583 -0.833473418215624 -0.511877947633038 0 0 0 0 0 0
-35.2941650518511 -130.370205361216 131.668339322589 0.957906151634186 -0.286328685250249 -0.0207777031306655 -0.246389272834439 -0.782827217992368 -0.571379042371242 0 0 0 0 0 0
-35.2548854220691 -130.608932205747 131.251934153613 0.68726159638809 -0.453214863239477 0.567686399660688 -0.207747473236712 -0.871484764470734 -0.444246976186186 0 0 0 0 0 0
-35.0769437475692 -131.089965766366 131.019058458243 0.0684760332142789 -0.318693701594679 0.945381108766298 -0.119690904337612 -0.943385370347973 -0.309351416677601 0 0 0 0 0 0
-34.90359669066 -131.610458245052 130.964836716585 -0.432615442246654 0.0360354948018247 0.900858174580403 -0.226267936335617 -0.971561360732067 -0.0697960311957297 0 0 0 0 0 0
-35.2730815821663 -132.116282589163 130.574728152096 0.464264859065116 -0.789786629634842 0.400868215222505 0.545713006426581 0.611562440408323 0.5728776355242 0 0 0 0 0 0
-35.2776040689127 -131.924795939266 131.01132586496 0.824647329331296 -0.533316493641426 -0.188495354009563 0.525007139749546 0.597619345238741 0.60598581590718 0 0 0 0 0 0
-34.9436505661579 -131.887254449747 131.414042522039 0.623746840887159 0.212575284232565 -0.752164666126862 0.511327450403414 0.616852947414511 0.598361729114829 0 0 0 0 0 0
-34.5619027432845 -131.43487709285 131.687969319751 0.142585058123308 0.276718626644326 -0.950313786870108 0.164910681979238 0.940061842186578 0.29847656653106 0 0 0 0 0 0
-34.3250132810289 -131.078752083076 131.607691237301 -0.76749530276223 0.435406805155392 -0.470501833214155 0.361896976254121 0.900092858765152 0.242618170429727 0 0 0 0 0 0
-34.0716690736994 -130.60588439676 131.565490624937 -0.987967466979264 0.148006571231982 0.0448826508737936 0.154492528808384 0.958004157890656 0.241578725649176 0 0 0 0 0 0
-34.1603337446094 -130.147204670428 131.422375496926 -0.739110739776684 -0.0397053056180569 0.672412787841345 0.144129249266296 0.965818629636534 0.215456333798214 0 0 0 0 0 0
-34.3142948963801 -129.682327346816 131.477120673745 -0.0115184182850455 -0.254418036267148 0.967025783441103 0.143584193100172 0.956646879581572 0.253397678727347 0 0 0 0 0 0
-34.5332195920582 -129.284694914679 131.66426558914 0.79175161613359 -0.281819710684466 0.541947470080197 0.156788181497114 0.951247814220262 0.265603373785828 0 0 0 0 0 0
