t = 5000000
b = 50 50 50
E = -1.23873770951024 -1.23873770951024 0
-51.9970733321097 41.0184349695034 92.4421677688688 -0.247579869181176 -0.958709004445559 0.139933231506005 0.0480671164624659 0.132097773743233 0.990070611687518 0 0 0 0 0 0
-52.1956732464448 40.9712056198483 92.8660518622085 0.465288335113895 -0.885159225302047 -0.000172867786171921 0.00062302519806731 0.000132200636850465 0.999999838206063 0 0 0 0 0 0
-52.3399697405002 40.726164635736 93.2963911795032 0.884659162185267 -0.440286212574009 -0.15338294519226 -0.0272598246379985 -0.37726163111619 0.925705426845096 0 0 0 0 0 0
-52.3636750007154 40.3709352758927 93.7172157282777 0.995095200494988 0.0458118411414565 -0.0876747158216642 0.0980917538393475 -0.342376021423978 0.93442853987025 0 0 0 0 0 0
-52.1642141253238 39.9576918012899 93.9992634140954 0.537269239739398 0.816300541784709 0.212120865661886 0.0882566726239881 -0.304536918545622 0.948402909593405 0 0 0 0 0 0
-51.8160297700486 39.8052915982489 94.3823802752621 -0.160145282056037 0.968552829113882 0.190417887480157 0.128692542703565 -0.170774333474061 0.976869694242893 0 0 0 0 0 0
-51.599170940716 39.8738919754218 94.8411791143743 -0.539620521648784 0.8411689698304 -0.0352782658690821 -0.0269722794718124 0.0246085504557013 0.999333292831563 0 0 0 0 0 0
-51.3719607678392 40.0675652382151 95.2809629796904 -0.998642671814198 0.0296442238679821 -0.0428266345468128 -0.0482132031585477 -0.215007793409284 0.975421552059654 0 0 0 0 0 0
-51.5687970417737 40.2854748230699 95.7165905449308 -0.669502842866054 -0.733394125633413 -0.117894140691761 -0.0499626888181444 -0.113893245912113 0.992235902750265 0 0 0 0 0 0
-51.5138245173316 40.5540618737657 94.9610592799393 0.728385573349646 -0.569258748600125 -0.381312220710081 -0.278460278456447 0.262543919415103 -0.923867199832014 0 0 0 0 0 0
-51.4895430848495 40.786419966747 94.5147006132296 0.0985495701834228 -0.960207185606605 -0.26132392045663 -0.325074741571951 0.217133079657043 -0.920423629254308 0 0 0 0 0 0
-51.384061125576 40.7882098711798 93.9817340876999 -0.476423932855645 -0.865091493231241 0.156961784761958 -0.322974063845947 0.00615640544742263 -0.946387808688535 0 0 0 0 0 0
-51.1837972982833 40.4397540313106 93.5838062046005 -0.980926878199494 -0.154818437217293 0.117532122884209 -0.125210823925229 0.0407836182947649 -0.991291589827858 0 0 0 0 0 0
-51.3411373457577 40.1703502796517 93.173539668206 -0.899314855879486 0.425087208566966 0.102633867743216 -0.210784875073354 -0.215739002382636 -0.953428800029791 0 0 0 0 0 0
-51.6676544931596 39.9001710328369 92.8810163572921 -0.437932446451591 0.898544895489504 -0.028849640790957 -0.239722299585675 -0.147644063969631 -0.959549082933516 0 0 0 0 0 0
-51.9851222877476 39.8377563114358 92.5554856235172 0.340692032761367 0.926127451893876 -0.161916471673126 -0.158463719227876 -0.113191011055559 -0.980855280136166 0 0 0 0 0 0
