t = 102825
b = 50 50 50
E = -1.09727138185925 -1.09727138185925 0
45.204495440085 18.5748673916474 40.5226357370585 0.0812869370981546 0.996685042319393 0.00337050072939342 -0.968953546604486 0.0798165685636468 -0.234004999747454 0 0 0 0 0 0
44.7520062064752 18.7571373348095 40.6705800162964 0.226251071439702 0.771921759164159 -0.594093637738829 -0.96852892676191 0.113320803520659 -0.221608017715134 0 0 0 0 0 0
44.217254735198 19.0398713071898 40.5867611109632 0.398778602795298 0.345108378016865 -0.849632763831011 -0.917042204166701 0.153137777100873 -0.368215177581898 0 0 0 0 0 0
43.837355076278 19.3720869150668 40.4322900391451 0.457810640195386 -0.245154139008699 -0.854581105484771 -0.871489834051019 0.0663540810300243 -0.485903905188125 0 0 0 0 0 0
43.5234014113893 19.61042583126 40.0126948330366 0.369211972807508 -0.823639567386749 -0.430465308906061 -0.809375906875317 -0.0573441563912248 -0.584484635468519 0 0 0 0 0 0
43.0173634563076 20.1718683034042 39.6898549632074 -0.742871756762097 -0.669347866401195 0.0107231875043809 -0.667008881205136 0.738723742606385 -0.0968833551478033 0 0 0 0 0 0
42.5764290570534 20.3126862292132 39.328864945721 -0.60115303554582 -0.57294556107684 0.557089231538767 -0.779285498801164 0.574701054923941 -0.249865581518606 0 0 0 0 0 0
43.4141212002882 20.0268594677219 39.193257870797 0.731129885418841 0.522686935715203 0.438460326461036 -0.517538232196503 0.843669622799201 -0.142743636570839 0 0 0 0 0 0
42.7393559047572 19.2791649754408 39.0819699972064 0.433879617589695 -0.491321597261595 -0.755216237581146 0.749727306529879 -0.267972953427163 0.605061535776348 0 0 0 0 0 0
43.0127134818686 18.9936276874229 39.314933687997 0.6156664994257 0.383521423905049 -0.688379313237094 0.78391158230412 -0.209141207098508 0.584587535467794 0 0 0 0 0 0
43.4579109514848 18.7969751951515 39.3538734261269 0.366614908026422 0.878920000733704 -0.305111686964305 0.791232956722678 -0.122024576949842 0.59921649744981 0 0 0 0 0 0
43.9824152313097 18.8233760597083 39.3901573780559 -0.150253992521361 0.982776625453365 0.107581793042651 0.876187448564589 0.0819664802523877 0.474949524784743 0 0 0 0 0 0
44.416116695501 19.0283838403634 39.4089099627962 -0.476368950329755 0.422633609235636 0.77100807745864 0.831687938314317 -0.0678940476325315 0.551076738357512 0 0 0 0 0 0
44.7325127373228 19.3864864678678 39.5910056426009 -0.386061750634484 -0.351135385801068 0.853030049608886 0.911275020400505 -0.00152222820766901 0.411795483238983 0 0 0 0 0 0
45.0333798436899 19.6738724131906 39.9670998510296 -0.199640495819737 -0.840491162800861 0.503704553962972 0.834663816916463 0.123418775005603 0.536753312711995 0 0 0 0 0 0
45.1601805929229 19.7475086141296 40.5256792397565 0.232170203895258 -0.970684724665087 -0.0621945473879423 0.734301169829116 0.132980083768423 0.665671157034941 0 0 0 0 0 0
